3.4696  0.317125
3.17144  0.727196
1.15833  0.608897
3.02901  0.711159
8.11941  0.898217
2.92966  0.28627
1.8382  0.286497
2.48369  1.14754
14.5759  0.990521
3.99864  0.706408
64.8078  1.18616
8.08643  0.169654
4.02167  0.563438
1.55743  0.528965
7.82811  1.17238
3.80881  0.308441
2.41223  0.804929
2.64917  0.42671
15.0935  0.719448
3.38888  0.35542
1.33064  0.406137
3.96361  1.05006
5.14655  0.294756
1.54411  0.723501
7.53356  1.05201
12.3199  1.0428
8.24968  1.17878
6.9434  1.19931
2.3982  0.423255
4.45403  1.05506
3.02215  0.744113
2.48076  0.463577
1.19954  0.652039
2.79921  0.723335
4.52618  0.747639
5.23942  0.792262
2.94556  0.525083
1.94092  1.12303
1.27038  0.315813
3.40502  0.580639
27.9194  0.320376
19.857  1.20367
40.653  0.833765
2.33772  0.541611
6.30301  0.903535
13.3181  0.71402
1.2731  0.853189
1.77989  0.227514
6.90425  0.463171
4.66849  0.587947
2.26486  0.409308
2.89725  0.555238
1.90624  0.793994
5.81195  0.866639
6.06702  0.920289
3.22162  1.04156
23.5362  0.680223
1.92433  0.355348
4.03936  0.272619
3.1806  0.673391
1.86235  0.621805
27.7768  0.283678
10.2958  1.14851
3.28428  0.274075
2.25269  0.67247
2.53541  0.280827
13.0992  1.04562
3.56252  0.574071
1.29811  0.475672
1.1262  0.4772
2.66894  0.443255
1.64986  0.856146
1.1406  0.286012
17.0878  0.447856
7.71677  0.871301
1.52657  0.724046
7.81907  0.375198
7.73522  0.361509
6.66976  0.742974
1.69752  1.11008
10.362  0.122783
4.72635  0.334421
13.4354  0.539546
2.5066  0.345358
11.4849  0.246589
1.51274  1.05515
1.84001  0.686684
6.20572  0.908903
2.58713  0.59457
4.26151  0.921076
1.47597  0.84793
3.08713  0.755039
3.88545  0.952177
5.06211  0.485047
4.85557  0.910541
7.09598  1.00037
2.75363  0.585298
1.17067  0.859986
30.6276  0.753374
4.59784  0.813701
